structure(list(tailnum = c("N4XKAA", "N904WN", "N3BWAA", "N3CJAA",
                           "N67052", "N521JB", "N8307K", "N662AW", "N8974C", "N8855A", "N409WN",
                           "N640MQ", "N173DZ", "N394AA", "N926AT", "N11535", "N505AA", "N4XYAA",
                           "N393DA", "N639VA", "N34222", "N77518", "N511MQ", "N651JB", "N34131",
                           "N643JB", "N988DL", "N792SW", "N231JB", "N676DL", "N14542", "N531JB",
                           "N14573", "N13161", "N201LV", "N78506", "N27962", "N287WN", "N491AA",
                           "N198JB", "N8432A", "N14902", "N8EGMQ", "N569AA", "N3FJAA", "N336NB",
                           "N905DL", "N628VA", "N12136", "N550WN", "N844VA", "N738US", "N371NB",
                           "N431WN", "N11206", "N412WN", "N154UW", "N832UA", "N14993", "N325NB",
                           "N17122", "N3759", "N314US", "N14231", "N534UW", "N196UW", "N638MQ",
                           "N242WN", "N764US", "N802MQ", "N33209", "N21108", "N421UA", "N455UW",
                           "N3FCAA", "N672DL", "N682MQ", "N173US", "N756SA", "N691CA", "N945WN",
                           "N730US", "N479UA", "N180US", "N903FJ", "N513UA", "N775JB", "N367AA",
                           "N677UA", "N955DL", "N611QX", "N7732A", "N11192", "N36280", "N338AA",
                           "N11113", "N14106", "N3CGAA", "N477AA", "N837UA", "N618DL", "N364AA",
                           "N381HA", "N8869B", "N649DL", "N284JB", "N924DL", "N580AA", "N3744F",
                           "N416WN", "N14242", "N7702A", "N324JB", "N833UA", "N704X", "N506UA",
                           "N722US", "N14904", "N764NC", "N816UA", "N591AA", "N965AT", "N539MQ",
                           "N768JB", "N358NB", "N554UA", "N481UA", "N5DAAA", "N444UA", "N69806",
                           "N292PQ", "N413AS", "N75410", "N13138", "N368AA", "N3AUAA", "N299PQ",
                           "N306JB", "N710UW", "N76064", "N971AT", "N617MQ", "N8891A", "N33266",
                           "N823MQ", "N8896A", "N398DA", "N944WN", "N915DE", "N3HTAA", "N592UA",
                           "N193DN", "N585UA", "N939AT", "N4XRAA", "N265WN", "N4YFAA", "N281WN",
                           "N838VA", "N785SW", "N267AT", "N4WAAA", "N523UA", "N912DL", "N27213",
                           "N707TW", "N844UA", "N490WN", "N17133", "N386HA", "N11119", "N608QX",
                           "N534JB", "N76526", "N8311Q", "N8921B", "N18102", "N472AA", "N7714B",
                           "N535MQ", "N529AA", "N8982A", "N3DWAA", "N947WN", "N631AA", "N735MQ",
                           "N909WN", "N13994", "N348AA", "N931MQ", "N948WN", "N722MQ", "N282WN",
                           "N502UA", "N13202", "N26226", "N74856", "N404WN", "N842VA", "N967UW",
                           "N37474", "N527AA", "N544AA", "N991AT", "N250WN", "N432WN", "N5DPAA",
                           "N477WN", "N902WN", "N4UCAA", "N17984", "N11189", "N3GLAA", "N7726A",
                           "N546UW", "N651DL", "N624MQ", "N3CVAA", "N14959", "N325US", "N796SW",
                           "N11165", "N3KBAA", "N597AA", "N923MQ", "N4WVAA", "N713EV", "N169DZ",
                           "N8986B", "N3ASAA", "N744P", "N39297", "N33294", "N476UA", "N937XJ",
                           "N192UW", "N3CRAA", "N14179", "N684MQ", "N8800G", "N11187", "N217JC",
                           "N12569", "N592JB", "N454AA", "N429WN", "N26208", "N456AA", "N596UA",
                           "N3HUAA", "N5EMAA", "N365NW", "N248WN", "N8721B", "N269WN", "N856MQ",
                           "N18557", "N549UW", "N18120", "N805UA", "N76529", "N661MQ", "N16713",
                           "N3736C", "N466UA", "N547AA", "N3FKAA", "N410UA", "N983DL", "N794JB",
                           "N76516", "N181DN", "N232WN", "N586AA", "N675DL", "N23721", "N8948B",
                           "N624VA", "N779SW", "N914DL", "N13248", "N634MQ", "N509MJ", "N968WN",
                           "N361NB", "N379DA", "N947DL", "N919WN", "N5DLAA", "N742SW", "N3FHAA",
                           "N595AA", "N77066", "N601AW", "N702TW", "N939LR", "N295WN", "N37466",
                           "N331NW", "N315NB", "N202WN", "N14116", "N193UW", "N840VA", "N617DL",
                           "N285WN", "N3ECAA", "N942MQ", "N719EV", "N210FR", "N428WN", "N155UW",
                           "N533UA", "N186PQ", "N125UW", "N372NW", "N529JB", "N754SW", "N504JB",
                           "N705TW", "N121UW", "N6703D", "N16178", "N733SA", "N663MQ", "N26141",
                           "N625VA", "N852VA", "N347NB", "N6EAMQ", "N544MQ", "N340NW", "N5FTAA",
                           "N163US", "N3GYAA", "N13989", "N585JB", "N374JB", "N8736A", "N483AA",
                           "N717TW", "N6704Z", "N760JB", "N3752", "N14148", "N14543", "N5DYAA",
                           "N737JW", "N329AA", "N749US", "N3HJAA", "N600LR", "N77258", "N611MQ",
                           "N758SW", "N5FAAA", "N534UA", "N455UA", "N259WN", "N462UA", "N17196",
                           "N5FKAA", "N594UA", "N358NW", "N478AA", "N573AA", "N984DL", "N39728",
                           "N8390A", "N337AT", "N953AT", "N122US", "N979DL", "N4XWAA", "N324US",
                           "N730EV", "N41104", "N69804", "N4XMAA", "N358AA", "N8698A", "N509MQ",
                           "N805MQ", "N724MQ", "N712EV", "N853VA", "N485WN", "N438UA", "N73270",
                           "N561JB", "N913DL", "N11127", "N326US", "N907JB", "N851VA", "N722TW",
                           "N543UW", "N302NB", "N24202", "N525VA", "N482AA", "N37277", "N3EWAA",
                           "N660AW", "N622AA", "N71411", "N4WNAA", "N617AA", "N963DL", "N530VA",
                           "N76502", "N928WN", "N24729", "N8611A", "N3GVAA", "N528UA", "N11193",
                           "N3KFAA", "N627JB", "N836MQ", "N821MQ", "N3BGAA", "N3KEAA", "N603AT",
                           "N33182", "N197DN", "N76062", "N391DA", "N662JB", "N194UW", "N908XJ",
                           "N801UA", "N504AA", "N959WN", "N649MQ", "N4XPAA", "N241WN", "N57862",
                           "N17245", "N990DL", "N3AGAA", "N639AA", "N29717", "N996DL", "N913XJ",
                           "N5EHAA", "N3GFAA", "N5ELAA", "N936WN", "N839UA", "N4YNAA", "N4XVAA",
                           "N8543F", "N445WN", "N37468", "N413WN", "N13113", "N14102", "N915WN",
                           "N827AS", "N645MQ", "N11547", "N559UA", "N3ESAA", "N351NB", "N927AT",
                           "N463WN", "N899AT", "N772SW", "N572UA", "N501AA", "N827MQ", "N408WN",
                           "N803UA", "N38458", "N355NW", "N3BSAA", "N508AA", "N498WN", "N578AA",
                           "N627VA", "N176AT", "N678CA", "N348NW", "N715JB", "N8683B", "N3ADAA",
                           "N831AY", "N748UW", "N13716", "N78438", "N918WN", "N532AS", "N734SA",
                           "N507JB", "N16234", "N195PQ", "N932XJ", "N784JB", "N297WN", "N618AA",
                           "N906AT", "N267JB", "N275WN", "N612JB", "N37273", "N621AA", "N34455",
                           "N564UA", "N17730", "N926DL", "N5DUAA", "N351JB", "N25134", "N607LR",
                           "N833AY", "N607JB", "N3EPAA", "N324NB", "N577UA", "N5FSAA", "N519JB",
                           "N8710A", "N640DL", "N3HEAA", "N776WN", "N574UA", "N14570", "N349AA",
                           "N670UA", "N8933B", "N392AA", "N17126", "N715UW", "N3AYAA", "N8598B",
                           "N8506C", "N807JB", "N775SW", "N283WN", "N4YHAA", "N355JB", "N293PQ",
                           "N408UA", "N8972E", "N3ARAA", "N57855", "N3DDAA", "N219WN", "N904DL",
                           "N3BMAA", "N484UA", "N208WN", "N3JKAA", "N78060", "N335AA", "N77520",
                           "N849MQ", "N75433", "N753US", "N919AT", "N316JB", "N12900", "N16632",
                           "N972DL", "N3FSAA", "N346NB", "N908MQ", "N3JCAA", "N950WN", "N959AT",
