structure(list(oid = c(16L, 17L, 18L, 19L, 20L, 21L, 22L, 23L, 
24L, 25L, 26L, 27L, 28L, 29L, 30L, 71L, 75L, 81L, 83L, 114L, 
142L, 194L, 3361L, 3402L, 5017L, 32L, 5069L, 600L, 601L, 602L, 
603L, 604L, 628L, 700L, 701L, 705L, 718L, 790L, 829L, 869L, 650L, 
774L, 1033L, 1042L, 1043L, 1082L, 1083L, 1114L, 1184L, 1186L, 
1266L, 1560L, 1562L, 1700L, 1790L, 2202L, 2203L, 2204L, 2205L, 
4191L, 2206L, 4096L, 4089L, 2950L, 3220L, 3614L, 3642L, 3615L, 
3734L, 3769L, 3802L, 4072L, 2970L, 5038L, 3904L, 3906L, 3908L, 
3910L, 3912L, 3926L, 2249L, 2287L, 2275L, 2276L, 2277L, 2278L, 
2279L, 3838L, 2280L, 2281L, 2283L, 2776L, 3500L, 3115L, 325L, 
3310L, 269L, 3831L, 5077L, 5078L, 5079L, 5080L, 1000L, 1001L, 
1002L, 1003L, 1016L, 1005L, 1006L, 1007L, 1008L, 1009L, 1028L, 
1010L, 1011L, 1012L, 1013L, 199L, 143L, 271L, 1017L, 1018L, 1019L, 
1020L, 1027L, 629L, 1021L, 1022L, 719L, 791L, 1040L, 1041L, 651L, 
775L, 1034L, 1014L, 1015L, 1182L, 1183L, 1115L, 1185L, 1187L, 
1270L, 1561L, 1563L, 1231L, 2201L, 2207L, 2208L, 2209L, 2210L, 
4192L, 2211L, 4097L, 4090L, 2951L, 3221L, 3643L, 3644L, 3645L, 
3735L, 3770L, 3807L, 4073L, 2949L, 5039L, 3905L, 3907L, 3909L, 
3911L, 3913L, 3927L, 1263L, 12000L, 12001L, 12002L, 12003L, 12004L, 
12005L, 12006L, 12007L, 12008L, 12009L, 12010L, 12011L, 12012L, 
12013L, 12014L, 12015L, 12016L, 12017L, 12018L, 12019L, 12020L, 
12021L, 12022L, 12023L, 12024L, 12025L, 1248L, 12026L, 12027L, 
2842L, 2843L, 12028L, 12029L, 12030L, 12031L, 12032L, 12033L, 
12034L, 12035L, 12036L, 12037L, 12038L, 12039L, 12040L, 12041L, 
12042L, 12043L, 12044L, 4066L, 12045L, 12046L, 12047L, 12048L, 
12049L, 12050L, 12051L, 6101L, 12052L, 12053L, 12054L, 12055L, 
12056L, 12057L, 12058L, 12059L, 12060L, 12061L, 12062L, 12063L, 
12064L, 12065L, 12066L, 12067L, 12068L, 12069L, 12070L, 12071L, 
12072L, 12073L, 12074L, 12075L, 12076L, 12077L, 12078L, 12079L, 
12080L, 12081L, 12082L, 12083L, 12084L, 12085L, 12086L, 12088L, 
12092L, 12096L, 12099L, 12102L, 12106L, 12110L, 12114L, 12118L, 
12122L, 12126L, 12130L, 12134L, 12138L, 12142L, 12145L, 12148L, 
12151L, 12155L, 12159L, 12162L, 12166L, 12171L, 12174L, 12177L, 
12180L, 12183L, 12186L, 12189L, 12193L, 12197L, 12201L, 12204L, 
12208L, 12211L, 12215L, 12218L, 12221L, 12225L, 12228L, 12231L, 
12235L, 12238L, 12241L, 12245L, 12248L, 12251L, 12255L, 12259L, 
12262L, 12265L, 12268L, 12271L, 12274L, 12278L, 12282L, 12285L, 
12289L, 12293L, 12296L, 12299L, 12303L, 12307L, 12311L, 12315L, 
12319L, 12323L, 13124L, 13123L, 13127L, 13126L, 13129L, 13128L, 
13131L, 13134L, 13133L, 13136L, 13135L, 13139L, 13143L, 13146L, 
13150L, 13154L, 13158L, 13162L, 13166L, 13170L, 13174L, 13178L, 
13182L, 13186L, 13190L, 13194L, 13198L, 13202L, 13206L, 13210L, 
13213L, 13217L, 13221L, 13225L, 13228L, 13232L, 13235L, 13239L, 
13242L, 13246L, 13248L, 13251L, 13253L, 13256L, 13258L, 13261L, 
13263L, 13266L, 13270L, 13274L, 13277L, 13281L, 13285L, 13289L, 
13293L, 13297L, 13300L, 13304L, 13307L, 13311L, 13315L, 13319L, 
13323L, 13327L, 13331L, 13335L, 13339L, 13342L, 13345L, 13348L, 
13351L, 13355L, 13358L, 13361L, 13365L, 13368L, 13371L, 13375L, 
13379L, 16483L, 16482L, 16485L, 16489L, 16488L, 16491L, 16495L, 
16494L, 16497L, 16501L, 16500L, 16503L, 16507L, 16506L, 16509L
), typname = c("bool", "bytea", "char", "name", "int8", "int2", 
"int2vector", "int4", "regproc", "text", "oid", "tid", "xid", 
"cid", "oidvector", "pg_type", "pg_attribute", "pg_proc", "pg_class", 
"json", "xml", "pg_node_tree", "pg_ndistinct", "pg_dependencies", 
"pg_mcv_list", "pg_ddl_command", "xid8", "point", "lseg", "path", 
"box", "polygon", "line", "float4", "float8", "unknown", "circle", 
"money", "macaddr", "inet", "cidr", "macaddr8", "aclitem", "bpchar", 
"varchar", "date", "time", "timestamp", "timestamptz", "interval", 
"timetz", "bit", "varbit", "numeric", "refcursor", "regprocedure", 
"regoper", "regoperator", "regclass", "regcollation", "regtype", 
"regrole", "regnamespace", "uuid", "pg_lsn", "tsvector", "gtsvector", 
"tsquery", "regconfig", "regdictionary", "jsonb", "jsonpath", 
"txid_snapshot", "pg_snapshot", "int4range", "numrange", "tsrange", 
"tstzrange", "daterange", "int8range", "record", "_record", "cstring", 
"any", "anyarray", "void", "trigger", "event_trigger", "language_handler", 
"internal", "anyelement", "anynonarray", "anyenum", "fdw_handler", 
"index_am_handler", "tsm_handler", "table_am_handler", "anyrange", 
"anycompatible", "anycompatiblearray", "anycompatiblenonarray", 
"anycompatiblerange", "_bool", "_bytea", "_char", "_name", "_int8", 
"_int2", "_int2vector", "_int4", "_regproc", "_text", "_oid", 
"_tid", "_xid", "_cid", "_oidvector", "_json", "_xml", "_xid8", 
"_point", "_lseg", "_path", "_box", "_polygon", "_line", "_float4", 
"_float8", "_circle", "_money", "_macaddr", "_inet", "_cidr", 
"_macaddr8", "_aclitem", "_bpchar", "_varchar", "_date", "_time", 
"_timestamp", "_timestamptz", "_interval", "_timetz", "_bit", 
"_varbit", "_numeric", "_refcursor", "_regprocedure", "_regoper", 
"_regoperator", "_regclass", "_regcollation", "_regtype", "_regrole", 
"_regnamespace", "_uuid", "_pg_lsn", "_tsvector", "_gtsvector", 
"_tsquery", "_regconfig", "_regdictionary", "_jsonb", "_jsonpath", 
"_txid_snapshot", "_pg_snapshot", "_int4range", "_numrange", 
"_tsrange", "_tstzrange", "_daterange", "_int8range", "_cstring", 
"pg_attrdef", "pg_constraint", "pg_inherits", "pg_index", "pg_operator", 
"pg_opfamily", "pg_opclass", "pg_am", "pg_amop", "pg_amproc", 
"pg_language", "pg_largeobject_metadata", "pg_largeobject", "pg_aggregate", 
"pg_statistic_ext", "pg_statistic_ext_data", "pg_statistic", 
"pg_rewrite", "pg_trigger", "pg_event_trigger", "pg_description", 
"pg_cast", "pg_enum", "pg_namespace", "pg_conversion", "pg_depend", 
"pg_database", "pg_db_role_setting", "pg_tablespace", "pg_authid", 
"pg_auth_members", "pg_shdepend", "pg_shdescription", "pg_ts_config", 
"pg_ts_config_map", "pg_ts_dict", "pg_ts_parser", "pg_ts_template", 
"pg_extension", "pg_foreign_data_wrapper", "pg_foreign_server", 
"pg_user_mapping", "pg_foreign_table", "pg_policy", "pg_replication_origin", 
"pg_default_acl", "pg_init_privs", "pg_seclabel", "pg_shseclabel", 
"pg_collation", "pg_partitioned_table", "pg_range", "pg_transform", 
"pg_sequence", "pg_publication", "pg_publication_rel", "pg_subscription", 
"pg_subscription_rel", "pg_toast_2600", "pg_toast_2604", "pg_toast_3456", 
"pg_toast_2606", "pg_toast_826", "pg_toast_2609", "pg_toast_3466", 
"pg_toast_3079", "pg_toast_2328", "pg_toast_1417", "pg_toast_3118", 
"pg_toast_3394", "pg_toast_2612", "pg_toast_2615", "pg_toast_3350", 
"pg_toast_3256", "pg_toast_1255", "pg_toast_2618", "pg_toast_3596", 
"pg_toast_2619", "pg_toast_3381", "pg_toast_3429", "pg_toast_2620", 
"pg_toast_3600", "pg_toast_1247", "pg_toast_1418", "pg_toast_1260", 
"pg_toast_1262", "pg_toast_2964", "pg_toast_6000", "pg_toast_2396", 
"pg_toast_3592", "pg_toast_6100", "pg_toast_1213", "pg_roles", 
"pg_shadow", "pg_group", "pg_user", "pg_policies", "pg_rules", 
"pg_views", "pg_tables", "pg_matviews", "pg_indexes", "pg_sequences", 
"pg_stats", "pg_stats_ext", "pg_publication_tables", "pg_locks", 
"pg_cursors", "pg_available_extensions", "pg_available_extension_versions", 
"pg_prepared_xacts", "pg_prepared_statements", "pg_seclabels", 
"pg_settings", "pg_file_settings", "pg_hba_file_rules", "pg_timezone_abbrevs", 
"pg_timezone_names", "pg_config", "pg_shmem_allocations", "pg_stat_all_tables", 
"pg_stat_xact_all_tables", "pg_stat_sys_tables", "pg_stat_xact_sys_tables", 
"pg_stat_user_tables", "pg_stat_xact_user_tables", "pg_statio_all_tables", 
"pg_statio_sys_tables", "pg_statio_user_tables", "pg_stat_all_indexes", 
"pg_stat_sys_indexes", "pg_stat_user_indexes", "pg_statio_all_indexes", 
"pg_statio_sys_indexes", "pg_statio_user_indexes", "pg_statio_all_sequences", 
"pg_statio_sys_sequences", "pg_statio_user_sequences", "pg_stat_activity", 
"pg_stat_replication", "pg_stat_slru", "pg_stat_wal_receiver", 
