structure(list(tailnum = c("N912XJ", "N645JB", "N904WN", "N3BWAA", 
"N3CJAA", "N14972", "N667UA", "N998AT", "N521JB", "N16559", "N14186", 
"N16170", "N789JB", "N409WN", "N593JB", "N11535", "N505AA", "N8928A", 
"N3DPAA", "N34222", "N639VA", "N480AA", "N511MQ", "N77518", "N697DL", 
"N87527", "N652SW", "N651JB", "N640AA", "N304DQ", "N643JB", "N988DL", 
"N231JB", "N14542", "N531JB", "N14573", "N76519", "N13161", "N567UA", 
"N201LV", "N27962", "N198JB", "N520MQ", "N689MQ", "N369NW", "N8432A", 
"N14902", "N8EGMQ", "N336NB", "N3FJAA", "N905DL", "N628VA", "N12136", 
"N550WN", "N353SW", "N844VA", "N738US", "N371NB", "N431WN", "N11206", 
"N412WN", "N832UA", "N14993", "N495UA", "N3759", "N314US", "N14231", 
"N176DN", "N363NB", "N3AHAA", "N5DMAA", "N764US", "N802MQ", "N33209", 
"N38451", "N14219", "N320US", "N8903A", "N3FCAA", "N682MQ", "N672DL", 
"N173US", "N691CA", "N33103", "N210WN", "N8877A", "N638JB", "N558UW", 
"N820AS", "N479UA", "N180US", "N334JB", "N33292", "N513UA", "N775JB", 
"N528MQ", "N955DL", "N405UA", "N377NW", "N611QX", "N7732A", "N320AA", 
"N11192", "N3769L", "N622VA", "N338AA", "N504UA", "N7739A", "N841UA", 
"N987AT", "N11113", "N14106", "N903WN", "N3CGAA", "N621VA", "N477AA", 
"N837UA", "N339NB", "N374DA", "N8869B", "N284JB", "N924DL", "N8775A", 
"N836UA", "N324JB", "N833UA", "N13553", "N999DN", "N3763D", "N12996", 
"N513MQ", "N722US", "N14904", "N591AA", "N539MQ", "N14977", "N12924", 
"N358NB", "N877AS", "N554UA", "N76514", "N203JB", "N12135", "N387SW", 
"N27722", "N444UA", "N469UA", "N575UA", "N3AUAA", "N306JB", "N24128", 
"N617MQ", "N642DL", "N595UA", "N588JB", "N3HSAA", "N915DE", "N3HTAA", 
"N592UA", "N37253", "N629JB", "N585UA", "N265WN", "N4XRAA", "N941DL", 
"N838VA", "N267AT", "N3JXAA", "N523UA", "N912DL", "N707TW", "N3GRAA", 
"N934WN", "N370SW", "N17133", "N594JB", "N11119", "N8942A", "N524JB", 
"N608QX", "N534JB", "N21130", "N534MQ", "N14105", "N659DL", "N18102", 
"N470UA", "N7714B", "N535MQ", "N910DE", "N921WN", "N918DL", "N703TW", 
"N998DL", "N8982A", "N735MQ", "N76065", "N354NW", "N13994", "N644JB", 
"N282WN", "N722MQ", "N502UA", "N13202", "N66057", "N26545", "N37474", 
"N527AA", "N544AA", "N24212", "N935XJ", "N352AA", "N920AT", "N630JB", 
"N79402", "N8305E", "N849VA", "N477WN", "N603JB", "N8907A", "N4UCAA", 
"N535UW", "N8560F", "N17984", "N11189", "N709EV", "N727SW", "N3GLAA", 
"N7726A", "N3765", "N14959", "N796SW", "N325US", "N11165", "N3KBAA", 
"N4WVAA", "N713EV", "N3ASAA", "N8541D", "N744P", "N444WN", "N33294", 
"N476UA", "N845VA", "N950DL", "N937XJ", "N741SA", "N562UW", "N417UA", 
"N3ERAA", "N14179", "N684MQ", "N8800G", "N37252", "N11187", "N547JB", 
"N510JB", "N592JB", "N12569", "N16149", "N585AA", "N714CB", "N517MQ", 
"N3HUAA", "N366NW", "N5EMAA", "N723EV", "N66051", "N961AT", "N365NW", 
"N248WN", "N269WN", "N18557", "N390AA", "N18120", "N344AA", "N805UA", 
"N76529", "N661MQ", "N16713", "N426UA", "N356NW", "N3736C", "N27733", 
"N328AA", "N466UA", "N547AA", "N3FKAA", "N345NW", "N983DL", "N410UA", 
"N794JB", "N181UW", "N76516", "N75426", "N232WN", "N5DNAA", "N675DL", 
"N23721", "N624VA", "N604LR", "N830MQ", "N914DL", "N361NB", "N458UA", 
"N379DA", "N633DL", "N947DL", "N401WN", "N261AT", "N3FHAA", "N591JB", 
"N77066", "N601AW", "N702TW", "N8554A", "N15912", "N37466", "N331NW", 
"N605LR", "N706JB", "N518UA", "N721MQ", "N695DL", "N14116", "N840VA", 
"N904XJ", "N526JB", "N285WN", "N633VA", "N519AA", "N364NW", "N719EV", 
"N942MQ", "N476WN", "N529VA", "N3CKAA", "N533UA", "N372NW", "N529JB", 
"N504JB", "N705TW", "N121UW", "N16178", "N733SA", "N515MQ", "N195UW", 
"N663MQ", "N328NW", "N8964E", "N625VA", "N852VA", "N340NW", "N544MQ", 
"N327NB", "N6EAMQ", "N163US", "N11176", "N13989", "N585JB", "N374JB", 
"N8736A", "N370NW", "N717TW", "N6704Z", "N760JB", "N14148", "N3CYAA", 
"N14543", "N5DYAA", "N8936A", "N599JB", "N329AA", "N749US", "N324AA", 
"N600LR", "N951FR", "N611MQ", "N4UBAA", "N690DL", "N758SW", "N338NB", 
"N534UA", "N920DL", "N550NW", "N455UA", "N907MQ", "N358NW", "N850MQ", 
"N419UA", "N3DHAA", "N984DL", "N39728", "N8790A", "N337AT", "N979DL", 
"N3FVAA", "N3CTAA", "N324US", "N730EV", "N41104", "N765SW", "N76515", 
"N3GSAA", "N8698A", "N76528", "N173AT", "N509MQ", "N805MQ", "N724MQ", 
"N938DL", "N201FR", "N433UA", "N712EV", "N853VA", "N564JB", "N438UA", 
"N747SA", "N561JB", "N29906", "N387DA", "N924XJ", "N913DL", "N11127", 
"N326US", "N8696C", "N722TW", "N481AA", "N543UW", "N675AW", "N302NB", 
"N270WN", "N482AA", "N632SW", "N310NW", "N77530", "N4WNAA", "N950UW", 
"N828AS", "N296PQ", "N19554", "N963DL", "N893AT", "N530VA", "N827UA", 
"N76502", "N68453", "N24729", "N641VA", "N553UA", "N510UW", "N627JB", 
"N821MQ", "N506JB", "N3BGAA", "N18101", "N3KEAA", "N16918", "N844MH", 
"N402UA", "N550UW", "N758US", "N391DA", "N662JB", "N908XJ", "N801UA", 
"N649MQ", "N466WN", "N8646A", "N241WN", "N18223", "N17245", "N14731", 
"N16147", "N990DL", "N993DL", "N639AA", "N29717", "N934XJ", "N996DL", 
"N913XJ", "N562JB", "N5EHAA", "N582AA", "N839UA", "N4XVAA", "N178JB", 
"N445WN", "N915AT", "N214FR", "N891AT", "N8532G", "N239JB", "N948DL", 
"N915WN", "N827AS", "N4XCAA", "N645MQ", "N834AS", "N5CAAA", "N11547", 
"N351NB", "N927AT", "N463WN", "N452UA", "N29129", "N14562", "N899AT", 
"N913DE", "N437UA", "N354JB", "N501AA", "N842UA", "N827MQ", "N408WN", 
"N803UA", "N355NW", "N283JB", "N507MQ", "N508AA", "N509JB", "N176AT", 
"N627VA", "N715JB", "N348NW", "N3BAAA", "N8683B", "N13716", "N646JB", 
"N936DL", "N78438", "N3BDAA", "N638VA", "N507JB", "N403UA", "N16234", 
"N932XJ", "N784JB", "N297WN", "N902MQ", "N959UW", "N228JB", "N521VA", 
"N3HGAA", "N906AT", "N267JB", "N507UA", "N612JB", "N17730", "N564UA", 
"N399DA", "N351JB", "N349NW", "N555LV", "N504MQ", "N16561", "N25134", 
"N607LR", "N833AY", "N615AA", "N607JB", "N3EPAA", "N577UA", "N324NB", 
"N8930E", "N519JB", "N458WN", "N754EV", "N911DA", "N21129", "N16709", 
"N339JB", "N997AT", "N927LR", "N4XXAA", "N946DL", "N3HEAA", "N36444", 
"N16541", "N776WN", "N574UA", "N75435", "N14570", "N323JB", "N8933B", 
"N34110", "N17126", "N771SA", "N820AY", "N715UW", "N710EV", "N940DL", 
"N8598B", "N705JB", "N8506C", "N807JB", "N394DA", "N634VA", "N348JB", 
"N3DSAA", "N355JB", "N8972E", "N293PQ", "N3DUAA", "N13133", "N14950", 
"N524MQ", "N904DL", "N27190", "N8960A", "N484UA", "N624JB", "N3AJAA", 
"N930XJ", "N77520", "N335AA", "N635VA", "N8940E", "N849MQ", "N713SW", 
"N75433", "N316JB", "N12900", "N768SW", "N972DL", "N3FSAA", "N346NB", 
"N908MQ", "N3JCAA", "N950WN", "N959AT", "N842MQ", "N3GDAA", "N8315C", 
"N624AG", "N14118", "N446UA", "N752EV", "N172DN", "N457UW", "N7735A", 
"N430UA", "N14905", "N805JB", "N580UA", "N545UA", "N709TW", "N601LR", 
"N218FR", "N404UA", "N23139", "N497UA", "N257WN", "N17138", "N959DL", 
"N652DL", "N351NW", "N603DL", "N569UA", "N855UA", "N329NW", "N735SA", 
"N995DL", "N38467", "N563JB", "N3KPAA", "N472UA", "N75861", "N4WSAA", 
"N16963", "N583AA", "N13979", "N12567", "N539AA", "N927XJ", "N571JB", 
"N519UA", "N353AT", "N640JB", "N11536", "N597UA", "N79279", "N3EFAA", 
"N15574", "N636JB", "N528VA", "N3APAA", "N14953", "N486AA", "N991DL", 
"N514MQ", "N14203", "N928DN", "N11109", "N8839E", "N184US", "N76504", 
"N425UA", "N631VA", "N15980", "N3GJAA", "N764SW", "N353NB", "N982DL", 
"N825AS", "N508JB", "N598JB", "N3ANAA", "N342NW", "N746JB", "N9EAMQ", 
"N708EV", "N296JB", "N231WN", "N8580A", "N328JB", "N555UA", "N380DA", 
"N423UA", "N522UA", "N222WN", "N336AA", "N332AA", "N292JB", "N588UA", 
"N8733G", "N767UW", "N809UA", "N244WN", "N933LR", "N525UA", "N929DL", 
"N608JB", "N14991", "N187JB", "N980AT", "N527VA", "N17169", "N978DL", 
"N625AA", "N316NB", "N492UA", "N944UW", "N3FPAA", "N3CHAA", "N922DL", 
"N656JB", "N4YTAA", "N41135", "N566JB", "N138EV", "N676CA", "N813UA", 
"N12122", "N14214", "N3CXAA", "N37471", "N375NC", "N527MQ", "N13964", 
"N11181", "N5FGAA", "N3GCAA", "N946UW", "N808UA", "N835AS", "N737MQ", 
"N362NW", "N673UA", "N838MQ", "N687MQ", "N3BCAA", "N435WN", "N5CGAA", 
"N73276", "N667AW", "N3750D", "N15910", "N374NW", "N247JB", "N516AS", 
